F11	8	31	18	51	46	12.80	12.84	0.47				
S11	8	31	19	10	0	12.74	12.82	0.49				275	255	273	280	294	269	278	263	270	260	267	273	262	265	264	280	
								597.1									122.49	97.63	115.63	116.54	7
M11	8	31	19	11	4	12.77	12.92	0.50				274	255	273	280	294	270	278	263	270	260	267	274	262	265	264	280									566.3	
F11	8	31	19	11	9	12.79	12.90	0.50				2
F11	8	31	19	11	14	12.76	12.86	0.50				7
F11	8	31	19	11	19	12.77	12.91	0.50				7
F11	8	31	19	11	24	12.78	12.92	0.50				7
F11	8	31	19	11	29	12.80	12.89	0.50				7
F11	8	31	19	11	34	12.78	12.90	0.50				7
F11	8	31	19	11	39	12.82	12.94	0.50				7
F11	8	31	19	11	44	12.78	12.90	0.50				7
F11	8	31	19	11	49	12.79	12.90	0.50				7
F11	8	31	19	11	54	12.79	12.91	0.50				7
F11	8	31	19	11	59	12.78	12.90	0.50				7
M11	8	31	19	12	4	12.79	12.87	0.50				274	255	273	280	294	270	278	263	271	260	267	274	262	265	264	280									563.7	
0	1	1	0	0	-1	65.53	65.53	63.99				F11	8	31	19	12	9	12.80	12.90	0.50				0
F11	8	31	19	12	14	12.77	12.89	0.50					
F11	8	31	19	12	19	12.77	12.91	0.50					
F11	8	31	19	12	24	12.78	12.93	0.50					
F11	8	31	19	12	29	12.77	12.92	0.50					
F11	8	31	19	12	34	12.80	12.91	0.50					
F11	8	31	19	12	39	12.80	12.89	0.50					
F11	8	31	19	12	44	12.80	12.89	0.50					
F11	8	31	19	12	49	12.76	12.87	0.50					
F11	8	31	19	12	54	12.79	12.88	0.50					
F11	8	31	19	12	59	12.78	12.84	0.50					
M11	8	31	19	13	4	12.79	12.90	0.50				274	255	273	280	294	270	278	264	270	260	267	274	262	265	264	280									573.8	
F11	8	31	19	13	9	12.79	12.89	0.50				2
F11	8	31	19	13	14	12.78	12.88	0.50				7
F11	8	31	19	13	19	12.78	12.91	0.50				7
F11	8	31	19	13	24	12.79	12.91	0.50				7
F11	8	31	19	13	29	12.76	12.91	0.50				7
F11	8	31	19	13	34	12.81	12.92	0.50				7
F11	8	31	19	13	39	12.80	12.88	0.50				7
F11	8	31	19	13	44	12.77	12.91	0.50				7
F11	8	31	19	13	49	12.81	12.89	0.50				7
F11	8	31	19	13	54	12.77	12.89	0.50				7
F11	8	31	19	13	59	12.77	12.87	0.50				7
M11	8	31	19	14	4	12.78	12.90	0.50				275	255	273	279	294	270	278	263	271	260	267	274	262	265	264	279	
								586.7		
F11	8	31	19	14	9	12.76	12.90	0.50				2
F11	8	31	19	14	14	12.81	12.91	0.50				7
F11	8	31	19	14	19	12.80	12.92	0.50				7
F11	8	31	19	14	24	12.80	12.89	0.50				7
F11	8	31	19	14	29	12.77	12.90	0.50				7
F11	8	31	19	14	34	12.81	12.89	0.50				7
F11	8	31	19	14	39	12.76	12.87	0.50				7
F11	8	31	19	14	44	12.80	12.89	0.50				7
F11	8	31	19	14	49	12.79	12.90	0.50				7
F11	8	31	19	14	54	12.78	12.86	0.50				7
F11	8	31	19	14	59	12.79	12.89	0.50				7
S11	8	31	19	15	4	12.79	12.87	0.50				274	255	273	280	294	270	278	263	271	261	267	274	262	265	264	280									589.2									122.49	127.99	122.99	127.99	
F11	8	31	19	15	9	12.76	12.89	0.50				2
F11	8	31	19	15	14	12.82	12.90	0.50				7
F11	8	31	19	15	19	12.78	12.91	0.50				7
F11	8	31	19	15	24	12.78	12.89	0.50				7
F11	8	31	19	15	29	12.79	12.92	0.50				7
F11	8	31	19	15	34	12.77	12.88	0.50				7
F11	8	31	19	15	39	12.79	12.92	0.50				7
F11	8	31	19	15	44	12.79	12.91	0.50				7
F11	8	31	19	15	49	12.79	12.88	0.50				7
F11	8	31	19	15	54	12.80	12.89	0.50				7
F11	8	31	19	15	59	12.78	12.86	0.50				7
M11	8	31	19	16	4	12.79	12.88	0.50				274	255	273	280	294	270	278	263	270	260	267	274	262	265	264	280									570.7	
F11	8	31	19	16	9	12.78	12.92	0.50				2
F11	8	31	19	16	14	12.79	12.92	0.50				7
F11	8	31	19	16	19	12.79	12.91	0.50				7
F11	8	31	19	16	24	12.77	12.88	0.50				7
F11	8	31	19	16	29	12.81	12.87	0.50				7
F11	8	31	19	16	34	12.80	12.89	0.50				7
F11	8	31	19	16	39	12.77	12.90	0.50				7
F11	8	31	19	16	44	12.74	12.90	0.50				7
F11	8	31	19	16	49	12.80	12.89	0.50				7
F11	8	31	19	16	54	12.79	12.87	0.50				7
F11	8	31	19	16	59	12.79	12.88	0.50				7
M11	8	31	19	17	4	12.80	12.88	0.50				274	255	273	280	294	270	278	263	271	261	267	274	262	265	264	280									553.2	
F11	8	31	19	17	9	12.76	12.88	0.50				2
F11	8	31	19	17	14	12.77	12.90	0.50				7
F11	8	31	19	17	19	12.79	12.91	0.50				7
F11	8	31	19	17	24	12.79	12.86	0.50				7
F11	8	31	19	17	29	12.79	12.92	0.50				7
F11	8	31	19	17	34	12.78	12.90	0.50				7
F11	8	31	19	17	39	12.77	12.87	0.50				7
F11	8	31	19	17	44	12.80	12.89	0.50				7
F11	8	31	19	17	49	12.75	12.90	0.50				7
F11	8	31	19	17	54	12.76	12.88	0.50				7
F11	8	31	19	17	59	12.78	12.89	0.50				7
M11	8	31	19	18	4	12.81	12.90	0.50				274	255	273	280	294	270	278	263	270	260	268	274	262	265	264	280									542.1	
F11	8	31	19	18	9	12.77	12.91	0.50				2
F11	8	31	19	18	14	12.79	12.92	0.50				7
F11	8	31	19	18	19	12.77	12.90	0.50				7
F11	8	31	19	18	24	12.80	12.89	0.50				7
F11	8	31	19	18	29	12.77	12.90	0.51				7
F11	8	31	19	18	34	12.79	12.89	0.51				7
F11	8	31	19	18	39	12.80	12.85	0.51				7
F11	8	31	19	18	44	12.76	12.90	0.51				7
F11	8	31	19	18	49	12.77	12.90	0.51				7
F11	8	31	19	18	54	12.77	12.90	0.51				7
F11	8	31	19	18	59	12.77	12.87	0.51				7
M11	8	31	19	19	4	12.81	12.90	0.51				274	255	273	279	294	269	278	263	
270	260	267	274	262	265	264	280									525.2	9
F11	8	31	19	19	9	12.80	12.87	0.51				
F11	8	31	19	19	14	12.77	12.90	0.51					
F11	8	31	19	19	19	12.78	12.86	0.51					
F11	8	31	19	19	24	12.77	12.88	0.51					
F11	8	31	19	19	29	12.79	12.90	0.51					
F11	8	31	19	19	34	12.78	12.89	0.51					
F11	8	31	19	19	39	12.79	12.85	0.51					
F11	8	31	19	19	44	12.78	12.88	0.51					
F11	8	31	19	19	49	12.78	12.87	0.51					
F11	8	31	19	19	54	12.78	12.92	0.51					
F11	8	31	19	19	59	12.78	12.87	0.51					
S11	8	31	19	20	4	12.75	12.86	0.51				275	255	273	280	294	270	278	263	270	260	267	273	262	265	264	280	
								515.8									122.49	127.99	122.99	127.99	8
F11	8	31	19	20	9	12.78	12.91	0.51				2
F11	8	31	19	20	14	12.76	12.88	0.51				.
F11	8	31	19	20	19	12.80	12.88	0.51				.
F11	8	31	19	20	24	12.77	12.87	0.51				.
F11	8	31	19	20	29	12.77	12.89	0.51				.
F11	8	31	19	20	34	12.81	12.88	0.51				.
F11	8	31	19	20	39	12.78	12.86	0.51				.
F11	8	31	19	20	44	12.77	12.91	0.51				.
F11	8	31	19	20	49	12.78	12.88	0.51				.
F11	8	31	19	20	54	12.76	12.90	0.51				.
F11	8	31	19	20	59	12.80	12.89	0.51				.
M11	8	31	19	21	4	12.77	12.85	0.51				274	255	273	280	293	270	278	263	271	261	267	274	262	265	264	280									505.4	
F11	8	31	19	21	9	12.77	12.91	0.51				2
F11	8	31	19	21	14	12.80	12.92	0.51				7
F11	8	31	19	21	19	12.79	12.88	0.51				7
F11	8	31	19	21	24	12.79	12.90	0.51				7
F11	8	31	19	21	29	12.80	12.89	0.51				7
F11	8	31	19	21	34	12.78	12.87	0.51				7
F11	8	31	19	21	39	12.76	12.93	0.51				7
F11	8	31	19	21	44	12.78	12.89	0.51				7
F11	8	31	19	21	49	12.79	12.92	0.51				7
F11	8	31	19	21	54	12.78	12.90	0.51				7
F11	8	31	19	21	59	12.80	12.86	0.51				7
M11	8	31	19	22	4	12.78	12.89	0.51				274	255	273	280	294	270	278	263	271	260	267	274	262	265	264	280									493.1	
F11	8	31	19	22	9	12.79	12.90	0.51				2
F11	8	31	19	22	14	12.76	12.90	0.51				7
F11	8	31	19	22	19	12.79	12.86	0.51				7
F11	8	31	19	22	24	12.79	12.92	0.51				7
F11	8	31	19	22	29	12.79	12.88	0.51				7
F11	8	31	19	22	34	12.78	12.90	0.51				7
F11	8	31	19	22	39	12.79	12.90	0.51				7
F11	8	31	19	22	44	12.79	12.87	0.51				7
F11	8	31	19	22	49	12.77	12.91	0.51				7
F11	8	31	19	22	54	12.76	12.92	0.51				7
F11	8	31	19	22	59	12.78	12.89	0.51				7
M11	8	31	19	23	4	12.77	12.85	0.51				274	255	273	280	294	270	278	263	271	260	267	274	262	265	264	280									480.1	
F11	8	31	19	23	9	12.77	12.89	0.51				2
F11	8	31	19	23	14	12.78	12.89	0.51				7
F11	8	31	19	23	19	12.75	12.88	0.51				7
F11	8	31	19	23	24	12.79	12.87	0.51				7
F11	8	31	19	23	29	12.81	12.88	0.51				7
F11	8	31	19	23	34	12.79	12.87	0.51				7
F11	8	31	19	23	39	12.78	12.88	0.51				7
F11	8	31	19	23	44	12.79	12.88	0.51				7
F11	8	31	19	23	49	12.80	12.89	0.51				7
F11	8	31	19	23	54	12.77	12.91	0.51				7
F11	8	31	19	23	59	12.76	12.86	0.51				7
M11	8	31	19	24	4	12.77	12.84	0.51				274	255	273	280	294	270	278	263	271	261	267	274	262	265	264	280									464.1	
F11	8	31	19	24	9	12.78	12.90	0.51				2
F11	8	31	19	24	14	12.79	12.88	0.51				7
F11	8	31	19	24	19	12.80	12.86	0.51				7
F11	8	31	19	24	24	12.78	12.90	0.51				7
F11	8	31	19	24	29	12.77	12.89	0.51				7
F11	8	31	19	24	34	12.79	12.89	0.51				7
F11	8	31	19	24	39	12.77	12.88	0.51				7
F11	8	31	19	24	44	12.79	12.87	0.51				7
F11	8	31	19	24	49	12.77	12.91	0.51				7
F11	8	31	19	24	54	12.77	12.89	0.51				7
F11	8	31	19	24	59	12.80	12.89	0.51				7
S11	8	31	19	25	4	12.78	12.86	0.51				275	255	273	280	294	270	278	263	270	260	267	274	262	265	264	280									446.6									122.49	127.99	122.99	127.99	
F11	8	31	19	25	9	12.79	12.89	0.51				2
F11	8	31	19	25	14	12.78	12.89	0.51				7
F11	8	31	19	25	19	12.76	12.88	0.51				7
F11	8	31	19	25	24	12.75	12.87	0.51				7
F11	8	31	19	25	24	12.75	12.87	0.51				7
F11	8	31	19	25	29	12.78	12.92	0.51				7
F11	8	31	19	25	34	12.80	12.88	0.51				7
F11	8	31	19	25	39	12.76	12.86	0.51				7
F11	8	31	19	25	44	12.78	12.89	0.51				7
F11	8	31	19	25	49	12.79	12.87	0.51				7
F11	8	31	19	25	54	12.78	12.89	0.52				7
F11	8	31	19	25	59	12.78	12.91	0.52				7
M11	8	31	19	26	4	12.76	12.89	0.52				274	255	273	280	294	270	279	263	271	260	267	274	262	265	264	280									426.6	
F11	8	31	19	26	9	12.78	12.91	0.52				2
F11	8	31	19	26	59	12.78	12.85	0.52				7
M11	8	31	19	27	4	12.77	12.88	0.52				
275	255	273	280	294	270	278	263	271	261	267	274	262	265	264	280									402.4	4
F11	8	31	19	27	9	12.75	12.83	0.52				2
F11	8	31	19	27	14	12.75	12.87	0.52				6
F11	8	31	19	27	19	12.77	12.85	0.52				6
F11	8	31	19	27	24	12.77	12.80	0.52				6
F11	8	31	19	27	29	12.76	12.87	0.52				6
F11	8	31	19	27	34	12.78	12.89	0.52				6
F11	8	31	19	27	39	12.78	12.86	0.52				6
F11	8	31	19	27	44	12.75	12.86	0.52				6
F11	8	31	19	27	49	12.76	12.90	0.52				6
F11	8	31	19	27	54	12.78	12.89	0.52				6
F11	8	31	19	27	59	12.75	12.89	0.52				6
M11	8	31	19	28	4	12.79	12.89	0.52				274	255	273	280	294	270	278	263	271	261	267	274	262	265	264	280									374.0	
F11	8	31	19	28	9	12.79	12.88	0.52				2
F11	8	31	19	28	14	12.76	12.90	0.52				7
F11	8	31	19	28	19	12.79	12.86	0.52				7
F11	8	31	19	28	24	12.77	12.91	0.52				7
F11	8	31	19	28	29	12.78	12.87	0.52				7
F11	8	31	19	28	34	12.78	12.87	0.52				7
F11	8	31	19	28	34	12.78	12.87	0.52				7
F11	8	31	19	28	39	12.78	12.89	0.52				7
F11	8	31	19	28	44	12.78	12.87	0.52				7
F11	8	31	19	28	49	12.80	12.87	0.52				7
F11	8	31	19	28	54	12.78	12.88	0.52				7
F11	8	31	19	28	59	12.78	12.84	0.52				7
M11	8	31	19	29	4	12.76	12.88	0.52				274	255	273	280	294	270	278	263	271	260	268	274	262	265	264	280									346.9	
F11	8	31	19	29	9	12.79	12.88	0.52				2
F11	8	31	19	30	0	12.77	12.90	0.52				2
S11	8	31	19	30	5	12.78	12.86	0.52				274	255	273	280	294	270	278	263	270	261	267	274	262	265	264	280									322.2									122.49	33.13	115.64	121.54		
F11	8	31	19	30	15	12.77	12.87	0.52				7
F11	8	31	19	30	20	12.78	12.88	0.52				7
F11	8	31	19	30	25	12.78	12.85	0.52				7
F11	8	31	19	30	30	12.77	12.90	0.52				7
F11	8	31	19	30	35	12.80	12.89	0.52				7
F11	8	31	19	30	35	12.80	12.89	0.52				7
F11	8	31	19	30	40	12.75	12.87	0.52				7
F11	8	31	19	30	45	12.77	12.87	0.52				7
F11	8	31	19	30	50	12.75	12.86	0.52				7
F11	8	31	19	30	55	12.77	12.87	0.52				7
F11	8	31	19	31	0	12.79	12.88	0.52					
0	1	1	0	0	-1	65.53	65.53	63.99				M11	8	31	19	31	5	12.77	12.89	0.52				274	255	273	280	294	270	278	263	271	260	267	274	262	265	264	280									299.4	1
F11	8	31	19	31	59	12.78	12.85	0.52					
F11	8	31	19	32	4	12.78	12.86	0.52					
M11	8	31	19	32	9	12.77	12.89	0.52				274	255	273	280	293	270	278	264	270	261	267	274	262	265	264	280									276.5	2
F11	8	31	19	32	14	12.78	12.88	0.52				7
F11	8	31	19	32	19	12.76	12.87	0.52				7
F11	8	31	19	32	24	12.75	12.89	0.52				7
F11	8	31	19	32	29	12.77	12.85	0.52				7
F11	8	31	19	32	34	12.78	12.85	0.52				7
F11	8	31	19	32	39	12.76	12.89	0.52				7
F11	8	31	19	32	44	12.75	12.87	0.52				7
F11	8	31	19	32	49	12.78	12.87	0.52				7
F11	8	31	19	32	54	12.77	12.87	0.52				7
F11	8	31	19	32	59	12.72	12.88	0.52				7
F11	8	31	19	33	4	12.77	12.88	0.52					
M11	8	31	19	33	9	12.77	12.85	0.52				275	255	273	280	294	270	279	263	271	260	268	274	262	265	264	280									255.8	2
F11	8	31	19	33	14	12.77	12.90	0.52				7
F11	8	31	19	33	19	12.78	12.87	0.52				7
F11	8	31	19	33	24	12.78	12.84	0.52				7
F11	8	31	19	33	29	12.75	12.89	0.52				7
F11	8	31	19	33	34	12.75	12.87	0.52				7
F11	8	31	19	33	39	12.78	12.86	0.52				7
F11	8	31	19	33	44	12.77	12.87	0.52				7
F11	8	31	19	33	49	12.79	12.89	0.52				7
F11	8	31	19	33	54	12.78	12.89	0.52				7
F11	8	31	19	33	59	12.78	12.87	0.52				7
F11	8	31	19	34	4	12.78	12.84	0.52					
M11	8	31	19	34	9	12.78	12.88	0.52				274	255	273	280	293	270	278	263	271	261	267	274	262	265	264	280									236.6	2
F11	8	31	19	34	14	12.77	12.87	0.52				7
F11	8	31	19	34	19	12.77	12.89	0.52				7
F11	8	31	19	34	24	12.76	12.83	0.52				7
F11	8	31	19	34	29	12.80	12.87	0.52				7
F11	8	31	19	34	34	12.76	12.86	0.52				7
F11	8	31	19	34	39	12.78	12.87	0.52				7
F11	8	31	19	34	44	12.76	12.89	0.52				7
F11	8	31	19	34	49	12.77	12.88	0.52				7
F11	8	31	19	34	54	12.76	12.89	0.52				7
F11	8	31	19	34	59	12.77	12.89	0.52				7
F11	8	31	19	35	4	12.76	12.83	0.52					
S11	8	31	19	35	9	12.76	12.87	0.52				274	255	273	280	294	270	278	264	271	261	267	274	262	265	264	280									217.6									122.49	57.13	115.64	113.04		
F11	8	31	19	35	19	12.77	12.84	0.52				7
F11	8	31	19	35	24	12.77	12.87	0.53				7
F11	8	31	19	35	29	12.76	12.87	0.53				7
F11	8	31	19	35	34	12.78	12.87	0.53				7
F11	8	31	19	35	39	12.78	12.89	0.53				7
F11	8	31	19	35	44	12.76	12.88	0.53				7
F11	8	31	19	35	49	12.76	12.89	0.53				7
F11	8	31	19	35	54	12.76	12.87	0.53				7
F11	8	31	19	35	59	12.76	12.88	0.53				7
F11	8	31	19	36	4	12.77	12.85	0.53					
0	1	1	0	0	-1	65.53	65.53	63.99				M11	8	31	19	36	9	12.78	12.89	0.53				275	255	273	280	294	270	278	263	270	260	267	274	262	265	264	280									199.5	3
F11	8	31	19	36	14	12.77	12.88	0.53					
F11	8	31	19	36	19	12.76	12.89	0.53					
F11	8	31	19	36	24	12.76	12.89	0.53					NI
F11	8	31	19	36	24	12.76	12.89	0.53					NI
F11	8	31	19	36	29	12.79	12.85	0.53					
F11	8	31	19	36	34	12.74	12.86	0.53					
F11	8	31	19	36	39	12.76	12.88	0.53					
F11	8	31	19	36	44	12.76	12.89	0.53					
F11	8	31	19	36	49	12.73	12.88	0.53					
F11	8	31	19	36	54	12.77	12.87	0.53					
F11	8	31	19	36	59	12.75	12.88	0.53					
F11	8	31	19	37	4	12.73	12.83	0.53					
M11	8	31	19	37	9	12.75	12.89	0.53				
274	255	273	280	294	270	278	264	271	261	268	274	262	265	264	280									181.8	2NI
								181.8	0NI
F11	8	31	19	37	59	12.75	12.84	0.53				6
F11	8	31	19	38	4	12.75	12.87	0.53					
M11	8	31	19	38	9	12.78	12.90	0.53				274	255	273	280	294	270	279	264	271	261	267	274	262	265	264	280									164.6	2
F11	8	31	19	38	14	12.76	12.89	0.53				7
F11	8	31	19	38	19	12.77	12.88	0.53				7
F11	8	31	19	38	24	12.75	12.88	0.53				7
F11	8	31	19	38	29	12.77	12.88	0.53				7
F11	8	31	19	38	34	12.77	12.87	0.53				7
F11	8	31	19	38	39	12.76	12.88	0.53				7
F11	8	31	19	38	44	12.77	12.82	0.53				7
F11	8	31	19	38	49	12.78	12.88	0.53				7
F11	8	31	19	38	54	12.77	12.87	0.53				7
F11	8	31	19	38	59	12.76	12.86	0.53				7
F11	8	31	19	39	4	12.74	12.84	0.53					
M11	8	31	19	39	9	12.76	12.87	0.53				275	255	273	280	294	270	278	263	271	260	268	274	262	264	264	280									147.7	2
F11	8	31	19	39	59	12.74	12.85	0.53				7
F11	8	31	19	40	4	12.75	12.87	0.53					
S11	8	31	19	40	9	12.75	12.85	0.53				275	255	273	280	294	270	279	263	271	261	267	274	262	265	264	280									132.1	
								122.49	79.13	115.64	121.04		
F11	8	31	19	40	19	12.75	12.86	0.53				4
F11	8	31	19	40	24	12.77	12.86	0.53				4
F11	8	31	19	40	29	12.75	12.88	0.53				4
F11	8	31	19	40	34	12.73	12.85	0.53				4
F11	8	31	19	40	39	12.76	12.86	0.53				4
F11	8	31	19	40	44	12.77	12.87	0.53				4
F11	8	31	19	40	49	12.78	12.84	0.53				4
F11	8	31	19	40	54	12.78	12.89	0.53				4
F11	8	31	19	40	59	12.77	12.87	0.53				4
F11	8	31	19	41	4	12.75	12.87	0.53					
0	1	1	0	0	-1	65.53	65.53	63.99				M11	8	31	19	41	9	12.78	12.87	0.53				275	256	273	280	294	270	278	263	270	260	267	274	262	265	264	280									118.0	3
F11	8	31	19	41	14	12.74	12.88	0.53					
F11	8	31	19	41	19	12.76	12.88	0.53					
F11	8	31	19	41	24	12.78	12.89	0.53					
F11	8	31	19	41	29	12.80	12.86	0.53					
F11	8	31	19	41	34	12.78	12.86	0.53					
F11	8	31	19	41	39	12.76	12.88	0.53					
F11	8	31	19	41	44	12.76	12.88	0.53					
F11	8	31	19	41	49	12.76	12.86	0.53					
F11	8	31	19	41	54	12.74	12.86	0.53					
F11	8	31	19	41	59	12.75	12.87	0.53					
F11	8	31	19	42	4	12.72	12.84	0.53					
M11	8	31	19	42	9	12.75	12.90	0.53				274	255	273	280	293	270	278	264	271	261	267	274	262	265	264	280									105.5	2
F11	8	31	19	42	14	12.74	12.86	0.53				7
F11	8	31	19	42	19	12.75	12.89	0.53				7
F11	8	31	19	42	24	12.75	12.85	0.53				7
F11	8	31	19	42	29	12.76	12.91	0.53				7
F11	8	31	19	42	34	12.76	12.86	0.53				7
F11	8	31	19	42	39	12.75	12.85	0.53				7
F11	8	31	19	42	44	12.75	12.89	0.53				7
F11	8	31	19	42	49	12.75	12.87	0.53				7
F11	8	31	19	42	54	12.74	12.87	0.53				7
F11	8	31	19	42	59	12.76	12.84	0.53				7
F11	8	31	19	43	4	12.76	12.87	0.53					
M11	8	31	19	43	9	12.76	12.86	0.53				274	256	273	280	294	270	278	263	271	261	267	274	262	265	264	280									94.9	2
F11	8	31	19	43	14	12.76	12.88	0.53				7
F11	8	31	19	43	19	12.77	12.87	0.53				7
F11	8	31	19	43	24	12.75	12.85	0.53				7
F11	8	31	19	43	29	12.75	12.87	0.53				7
F11	8	31	19	43	34	12.77	12.83	0.53				7
F11	8	31	19	43	39	12.76	12.87	0.53				7
F11	8	31	19	43	44	12.76	12.86	0.53				7
F11	8	31	19	43	49	12.77	12.86	0.53				7
F11	8	31	19	43	54	12.77	12.84	0.54				7
F11	8	31	19	43	59	12.75	12.87	0.54				7
F11	8	31	19	44	4	12.73	12.87	0.54					
M11	8	31	19	44	9	12.76	12.84	0.54				275	255	273	280	294	270	279	263	271	261	267	274	262	265	264	280									86.5	2
F11	8	31	19	44	14	12.76	12.87	0.54				7
F11	8	31	19	44	19	12.76	12.87	0.54				7
F11	8	31	19	44	24	12.74	12.89	0.54				7
F11	8	31	19	44	29	12.74	12.82	0.54				7
F11	8	31	19	44	34	12.74	12.87	0.54				7
F11	8	31	19	44	39	12.74	12.85	0.54				7
F11	8	31	19	44	44	12.76	12.89	0.54				7
F11	8	31	19	44	49	12.78	12.89	0.54				7
F11	8	31	19	44	54	12.76	12.88	0.54				7
F11	8	31	19	44	59	12.75	12.88	0.54				7
F11	8	31	19	45	4	12.73	12.84	0.54					
S11	8	31	19	45	9	12.74	12.87	0.54				275	256	273	280	294	270	278	264	270	261	267	274	262	265	264	280									79.1									122.49	101.13	115.64	101.04	
F11	8	31	19	45	19	12.74	12.87	0.54				7
F11	8	31	19	45	24	12.73	12.87	0.54				7
F11	8	31	19	45	29	12.74	12.84	0.54				7
F11	8	31	19	45	34	12.77	12.87	0.54				7
F11	8	31	19	45	39	12.76	12.85	0.54				7
F11	8	31	19	45	44	12.76	12.83	0.54				7
F11	8	31	19	45	49	12.73	12.88	0.54				7
F11	8	31	19	45	54	12.74	12.90	0.54				7
F11	8	31	19	45	59	12.77	12.87	0.54				7
F11	8	31	19	46	4	12.76	12.91	0.54					
0	1	1	0	0	-1	65.53	65.53	63.99				M11	8	31	19	46	9	12.76	12.88	0.54				274	255	273	280	294	270	278	263	271	260	267	274	262	265	264	280									72.6	0
F11	8	31	19	46	14	12.75	12.88	0.54					
F11	8	31	19	46	19	12.77	12.88	0.54					
F11	8	31	19	46	24	12.74	12.90	0.54					
F11	8	31	19	46	29	12.75	12.90	0.54					
F11	8	31	19	46	34	12.73	12.84	0.54					
F11	8	31	19	46	39	12.74	12.82	0.54					
F11	8	31	19	46	44	12.76	12.85	0.54					
F11	8	31	19	46	49	12.74	12.90	0.54					
F11	8	31	19	46	54	12.77	12.87	0.54					
F11	8	31	19	46	59	12.76	12.84	0.54					
F11	8	31	19	47	4	12.77	12.86	0.54					
M11	8	31	19	47	9	12.75	12.89	0.54				274	255	273	280	293	270	279	263	271	260	267	274	262	265	264	280									66.4	2
F11	8	31	19	47	14	12.75	12.86	0.54				7
F11	8	31	19	47	19	12.74	12.88	0.54				7
F11	8	31	19	47	24	12.77	12.84	0.54				7
F11	8	31	19	47	29	12.76	12.87	0.54				7
F11	8	31	19	47	34	12.74	12.88	0.54				7
F11	8	31	19	47	39	12.75	12.84	0.54				7
F11	8	31	19	47	44	12.74	12.88	0.54				7
F11	8	31	19	47	49	12.73	12.82	0.54				7
F11	8	31	19	47	54	12.73	12.88	0.54				7
F11	8	31	19	47	59	12.75	12.87	0.54				7
F11	8	31	19	48	4	12.75	12.83	0.54					
M11	8	31	19	48	9	12.73	12.85	0.54				275	255	273	280	293	270	279	263	271	260	268	274	262	265	264	280									60.8	2
F11	8	31	19	48	14	12.75	12.85	0.54				7
F11	8	31	19	48	19	12.75	12.84	0.54				7
F11	8	31	19	48	24	12.76	12.87	0.54				7
F11	8	31	19	48	29	12.75	12.87	0.54				7
F11	8	31	19	48	34	12.75	12.86	0.54				7
F11	8	31	19	48	39	12.74	12.87	0.54				7
F11	8	31	19	48	44	12.75	12.85	0.54				7
F11	8	31	19	48	49	12.74	12.88	0.54				7
F11	8	31	19	48	54	12.73	12.83	0.54				7
F11	8	31	19	48	59	12.75	12.85	0.54				7
F11	8	31	19	49	4	12.73	12.88	0.54					
M11	8	31	19	49	9	12.74	12.90	0.54				274	255	274	279	294	270	279	263	271	261	267	274	262	265	264	280									55.8	2
F11	8	31	19	49	14	12.75	12.87	0.54				7
F11	8	31	19	49	19	12.76	12.87	0.54				7
F11	8	31	19	49	24	12.76	12.86	0.54				7
F11	8	31	19	49	29	12.78	12.88	0.54				7
F11	8	31	19	49	34	12.78	12.84	0.54				7
F11	8	31	19	49	39	12.73	12.89	0.54				7
F11	8	31	19	49	44	12.74	12.88	0.54				7
F11	8	31	19	49	49	12.75	12.86	0.54				7
F11	8	31	19	49	54	12.75	12.85	0.54				7
F11	8	31	19	49	59	12.74	12.86	0.54				7
F11	8	31	19	50	4	12.77	12.85	0.54					
S11	8	31	19	50	9	12.75	12.59	0.54				274	255	273	280	294	270	278	264	271	261	267	274	262	265	264	280									50.7									122.49	123.13	115.64	96.04		
F11	8	31	19	50	19	12.75	12.87	0.54				7
F11	8	31	19	50	24	12.76	12.90	0.54				7
F11	8	31	19	50	29	12.73	12.89	0.54				7
F11	8	31	19	50	34	12.75	12.85	0.54				7
F11	8	31	19	50	39	12.75	12.90	0.54				7
F11	8	31	19	50	44	12.76	12.85	0.54				7
F11	8	31	19	50	49	12.73	12.82	0.54				7
F11	8	31	19	50	54	12.74	12.85	0.54				7
F11	8	31	19	50	54	12.74	12.85	0.54				7
F11	8	31	19	50	59	12.79	12.85	0.54				7
F11	8	31	19	51	4	12.73	12.81	0.54					
0	1	1	0	0	-1	65.53	65.53	63.99				M11	8	31	19	51	9	12.74	12.87	0.54				275	255	273	280	294	270	278	264	271	260	268	274	262	265	264	280									45.7	6
F11	8	31	19	51	59	12.78	12.83	0.54					
F11	8	31	19	52	4	12.76	12.87	0.54					
M11	8	31	19	52	9	12.73	12.90	0.54				275	256	273	280	293	270	279	263	271	260	267	274	262	265	264	281									40.8	2
F11	8	31	19	52	14	12.76	12.86	0.54				7
F11	8	31	19	52	19	12.73	12.85	0.54				7
F11	8	31	19	52	24	12.77	12.88	0.54				7
F11	8	31	19	52	29	12.74	12.85	0.54				7
F11	8	31	19	52	34	12.75	12.87	0.54				7
F11	8	31	19	52	39	12.75	12.81	0.54				7
F11	8	31	19	52	44	12.76	12.87	0.54				7
F11	8	31	19	52	49	12.75	12.85	0.54				7
F11	8	31	19	52	54	12.75	12.85	0.55				7
F11	8	31	19	52	59	12.76	12.85	0.55				7
F11	8	31	19	53	4	12.74	12.82	0.55					
M11	8	31	19	53	9	12.77	12.84	0.55				274	256	273	281	294	270	279	264	271	261	268	275	263	265	265	280									35.8	2
F11	8	31	19	53	14	12.75	12.84	0.55				7
F11	8	31	19	53	19	12.75	12.85	0.55				7
F11	8	31	19	53	24	12.74	12.85	0.55				7
F11	8	31	19	53	29	12.77	12.86	0.55				7
F11	8	31	19	53	34	12.74	12.88	0.55				7
F11	8	31	19	53	39	12.77	12.85	0.55				7
F11	8	31	19	53	44	12.75	12.83	0.55				7
F11	8	31	19	53	49	12.76	12.87	0.55				7
F11	8	31	19	53	54	12.76	12.82	0.55				7
F11	8	31	19	53	59	12.76	12.83	0.55				7
F11	8	31	19	54	4	12.74	12.83	0.55					
M11	8	31	19	54	9	12.73	12.88	0.55				274	255	273	280	294	270	279	264	271	260	267	274	262	265	264	280									30.6	2
F11	8	31	19	54	14	12.72	12.85	0.55				7
F11	8	31	19	54	19	12.77	12.86	0.55				7
F11	8	31	19	54	24	12.74	12.84	0.55				7
F11	8	31	19	54	29	12.74	12.87	0.55				7
F11	8	31	19	54	34	12.74	12.83	0.55				7
F11	8	31	19	54	39	12.76	12.84	0.55				7
F11	8	31	19	54	44	12.78	12.87	0.55				7
F11	8	31	19	54	49	12.75	12.85	0.55				7
F11	8	31	19	54	54	12.71	12.84	0.55				7
F11	8	31	19	54	59	12.74	12.90	0.55				7
F11	8	31	19	55	4	12.75	12.87	0.55					
S11	8	31	19	55	9	12.74	12.87	0.55				274	256	273	280	294	270	278	263	271	260	267	275	262	265	264	280									25.4									122.49	17.13	115.65	101.54		
F11	8	31	19	55	19	12.74	12.84	0.55				7
F11	8	31	19	55	24	12.75	12.82	0.55				7
F11	8	31	19	55	29	12.76	12.82	0.55				7
F11	8	31	19	55	34	12.74	12.85	0.55				7
F11	8	31	19	55	39	12.74	12.83	0.55				7
F11	8	31	19	55	44	12.76	12.90	0.55				7
F11	8	31	19	55	49	12.75	12.86	0.55				7
F11	8	31	19	55	54	12.74	12.84	0.55				7
F11	8	31	19	55	59	12.73	12.85	0.55				7
F11	8	31	19	56	4	12.76	12.87	0.55					
0	1	1	0	0	-1	65.53	65.53	63.99				M11	8	31	19	56	9	12.76	12.82	0.55				274	255	273	280	293	270	279	264	271	261	267	275	262	265	264	280									20.9	1
F11	8	31	19	56	14	12.76	12.84	0.55					
F11	8	31	19	56	19	12.72	12.83	0.55					
F11	8	31	19	56	24	12.76	12.84	0.55					
F11	8	31	19	56	29	12.72	12.85	0.55					
F11	8	31	19	56	34	12.73	12.87	0.55					
F11	8	31	19	56	39	12.76	12.86	0.55					
F11	8	31	19	56	44	12.73	12.84	0.55					
F11	8	31	19	56	49	12.73	12.84	0.55					
F11	8	31	19	56	54	12.74	12.87	0.55					
F11	8	31	19	56	59	12.74	12.87	0.55					
F11	8	31	19	57	4	12.73	12.82	0.55					
M11	8	31	19	57	9	12.75	12.87	0.55				275	256	273	280	294	270	279	264	271	261	267	274	262	265	264	280									17.1	2
F11	8	31	19	57	14	12.76	12.85	0.55				7
F11	8	31	19	57	19	12.76	12.86	0.55				7
F11	8	31	19	57	24	12.75	12.84	0.55				7
F11	8	31	19	57	29	12.74	12.83	0.55				7
F11	8	31	19	57	34	12.76	12.83	0.55				7
F11	8	31	19	57	39	12.75	12.86	0.55				7
F11	8	31	19	57	44	12.74	12.84	0.55				7
F11	8	31	19	57	49	12.73	12.84	0.55				7
F11	8	31	19	57	54	12.75	12.83	0.55				7
F11	8	31	19	57	59	12.74	12.88	0.55				7
F11	8	31	19	58	4	12.76	12.83	0.55					
M11	8	31	19	58	9	12.74	12.86	0.55				275	256	273	280	294	270	279	264	271	261	268	274	262	265	264	281									14.0	2
F11	8	31	19	58	14	12.74	12.85	0.55				7
F11	8	31	19	58	19	12.74	12.86	0.55				7
F11	8	31	19	58	24	12.76	12.88	0.55				7
F11	8	31	19	58	29	12.74	12.82	0.55				7
F11	8	31	19	58	34	12.73	12.84	0.55				7
F11	8	31	19	58	39	12.73	12.81	0.55				7
F11	8	31	19	58	44	12.73	12.84	0.55				7
F11	8	31	19	58	49	12.76	12.87	0.55				7
F11	8	31	19	58	54	12.76	12.86	0.55				7
F11	8	31	19	58	59	12.76	12.87	0.55				7
F11	8	31	19	59	4	12.73	12.81	0.55					
M11	8	31	19	59	9	12.76	12.86	0.55				274	256	273	280	294	270	279	263	270	261	267	274	262	266	264	280									11.4	2
F11	8	31	19	59	14	12.72	12.89	0.55				7
F11	8	31	19	59	19	12.76	12.87	0.55				7
F11	8	31	19	59	24	12.76	12.88	0.55				7
F11	8	31	19	59	29	12.76	12.84	0.55				7
F11	8	31	19	59	34	12.71	12.83	0.55				7NI
F11	8	31	19	59	34	12.71	12.83	0.55				7NI
F11	8	31	19	59	39	12.70	12.86	0.55				7
F11	8	31	19	59	44	12.72	12.89	0.55				7
F11	8	31	19	59	49	12.77	12.89	0.55				7
F11	8	31	19	59	54	12.74	12.85	0.55				7
F11	8	31	19	59	59	12.74	12.86	0.55				7
F11	8	31	20	0	4	12.73	12.85	0.55				
S11	8	31	20	0	9	12.75	12.87	0.55				274	255	273	280	294	270	278	263	271	260	267	274	263	265	264	280									9.2									122.49	61.63	115.65	91.04	4
F11	8	31	20	1	4	12.72	12.83	0.55				2
M11	8	31	20	1	9	12.73	12.84	0.56				275	256	273	280	294	270	278	263	271	261	268	274	263	265	264	280									7.2	
F11	8	31	20	1	14	12.73	12.83	0.56				7
F11	8	31	20	1	19	12.76	12.85	0.56				7
F11	8	31	20	1	24	12.72	12.85	0.56				7
F11	8	31	20	1	29	12.72	12.80	0.56				7
F11	8	31	20	1	34	12.74	12.86	0.56				7
F11	8	31	20	1	39	12.75	12.87	0.56				7
F11	8	31	20	1	44	12.74	12.85	0.56				7
F11	8	31	20	1	49	12.72	4.87	0.56					
F11	8	31	20	1	54	12.73	4.82	0.56					
F11	8	31	20	1	59	12.74	4.75	0.56					
F11	8	31	20	2	4	12.73	4.68	0.56					
0	1	1	0	0	-1	65.53	65.53	63.99				M11	8	31	20	2	9	12.74	4.65	0.56				274	256	273	281	294	270	279	264	271	261	268	274	263	265	264	280									5.6	1
F11	8	31	20	2	14	12.73	4.55	0.56				1
F11	8	31	20	2	19	12.74	4.50	0.56				1
F11	8	31	20	2	24	12.74	4.46	0.56				1
F11	8	31	20	2	29	12.73	4.37	0.56				1
F11	8	31	20	2	34	12.75	4.31	0.56				1
F11	8	31	20	2	39	12.74	4.25	0.56				1
F11	8	31	20	2	44	12.73	4.19	0.56				1
F11	8	31	20	2	49	12.76	4.11	0.56				1
F11	8	31	20	2	54	12.75	4.05	0.56				1
F11	8	31	20	2	59	12.74	4.03	0.56				1
F11	8	31	20	3	4	12.76	3.91	0.56					
M11	8	31	20	3	9	12.74	3.90	0.56				274	256	273	280	294	270	279	263	271	260	268	274	262	265	264	280									4.3	2
F11	8	31	20	3	14	12.74	3.82	0.56				7
F11	8	31	20	3	19	12.75	3.73	0.56				7
F11	8	31	20	3	24	12.73	3.71	0.56				7
F11	8	31	20	3	29	12.75	3.62	0.56				7
F11	8	31	20	3	34	12.73	3.58	0.56				7
F11	8	31	20	3	39	12.75	3.52	0.56				7
F11	8	31	20	3	44	12.74	3.45	0.56				7
F11	8	31	20	3	49	12.73	3.40	0.56				7
F11	8	31	20	3	54	12.74	3.33	0.56				7
F11	8	31	20	3	59	12.75	3.32	0.56				7
F11	8	31	20	4	4	12.72	3.22	0.56					
M11	8	31	20	4	9	12.75	3.18	0.56				275	255	273	280	294	270	279	263	271	260	267	275	263	265	264	280									3.3	2
F11	8	31	20	4	14	12.76	3.12	0.56				7
F11	8	31	20	4	19	12.76	3.08	0.56				7
F11	8	31	20	4	24	12.74	3.06	0.56				7
F11	8	31	20	4	29	12.72	3.00	0.56				7
F11	8	31	20	4	34	12.73	2.92	0.56				7
F11	8	31	20	4	39	12.72	2.88	0.56				7
F11	8	31	20	4	44	12.74	2.84	0.56				7
F11	8	31	20	4	49	12.74	2.80	0.56				7
F11	8	31	20	4	54	12.77	2.72	0.56				7
F11	8	31	20	4	59	12.72	2.73	0.56				7
F11	8	31	20	5	4	12.74	2.59	0.56					
S11	8	31	20	5	9	12.77	2.59	0.56				275	255	273	281	294	270	279	264	270	261	268	274	263	265	264	280									2.5									122.49	61.13	115.65	106.04	4
F11	8	31	20	5	19	12.73	2.52	0.56				7
F11	8	31	20	5	24	12.75	2.49	0.56				7
F11	8	31	20	5	29	12.78	2.43	0.56				7
F11	8	31	20	5	34	12.70	2.38	0.56				7
F11	8	31	20	5	39	12.74	2.34	0.56				7
F11	8	31	20	5	44	12.74	2.26	0.56				7
F11	8	31	20	5	49	12.75	2.24	0.56				7
F11	8	31	20	5	54	12.74	2.20	0.56				7
F11	8	31	20	5	59	12.73	2.16	0.56				7
F11	8	31	20	6	4	12.72	2.12	0.56					
0	1	1	0	0	-1	65.53	65.53	63.99				M11	8	31	20	6	9	12.74	2.05	0.56				274	256	273	280	294	270	279	263	271	261	268	274	262	265	265	280									2.0	6
F11	8	31	20	6	14	12.73	2.04	0.56				1
F11	8	31	20	6	19	12.74	1.98	0.56				1
F11	8	31	20	6	24	12.73	1.93	0.56				1
F11	8	31	20	6	29	12.75	1.91	0.56				1
F11	8	31	20	6	34	12.74	1.86	0.56				1
F11	8	31	20	6	39	12.73	1.82	0.56				1
F11	8	31	20	6	44	12.75	1.78	0.56				1
F11	8	31	20	6	49	12.72	1.76	0.56				1
F11	8	31	20	6	54	12.73	1.73	0.56				1
F11	8	31	20	6	59	12.72	1.69	0.56				1
F11	8	31	20	7	4	12.71	1.62	0.56					
M11	8	31	20	7	9	12.73	1.62	0.56				M11	8	31	20	7	9	12.73	1.62	0.56				274	256	274	280	294	270	279	264	271	261	268	274	262	265	264	280									1.5	6
F11	8	31	20	7	14	12.73	1.61	0.56				1
F11	8	31	20	7	19	12.74	1.56	0.56				1
F11	8	31	20	7	24	12.73	1.53	0.56				1
F11	8	31	20	7	29	12.73	1.48	0.56				1
F11	8	31	20	7	34	12.73	1.45	0.56				1
F11	8	31	20	7	39	12.73	1.38	0.56				1
F11	8	31	20	7	44	12.74	1.38	0.56				1
F11	8	31	20	7	49	12.73	1.36	0.56				1
F11	8	31	20	7	54	12.73	1.30	0.56				1
F11	8	31	20	7	59	12.74	1.29	0.56				1
F11	8	31	20	8	4	12.75	1.23	0.56					
M11	8	31	20	8	9	12.77	1.23	0.56				274	256	273	280	294	270	278	263	271	261	267	274	263	265	264	280									1.2	2
F11	8	31	20	8	59	12.74	0.90	0.56				7
F11	8	31	20	9	4	12.73	0.83	0.57					
M11	8	31	20	9	9	12.74	0.86	0.57				275	256	273	280	294	270	279	263	271	261	267	274	262	266	264	280									0.9	2
F11	8	31	20	9	14	12.74	0.78	0.57				7
F11	8	31	20	9	19	12.73	0.85	0.57				7
F11	8	31	20	9	24	12.71	0.77	0.57				7
F11	8	31	20	9	29	12.72	0.76	0.57				7
F11	8	31	20	9	34	12.73	0.73	0.57				7
F11	8	31	20	9	39	12.75	0.72	0.57				7
F11	8	31	20	9	44	12.76	0.71	0.57				7
F11	8	31	20	9	49	12.70	0.67	0.57				7
F11	8	31	20	9	54	12.75	0.63	0.57				7
F11	8	31	20	9	59	12.71	0.63	0.57				7
F11	8	31	20	10	4	12.74	0.54	0.57				7
S11	8	31	20	10	9	12.74	0.57	0.57				275	256	273	280	294	271	279	263	271	261	268	275	262	265	265	280									0.7									122.49	83.13	115.65	94.54	4
F11	8	31	20	10	19	12.75	0.52	0.57				7
F11	8	31	20	10	24	12.74	0.54	0.57				7
F11	8	31	20	10	29	12.75	0.52	0.57				7
F11	8	31	20	10	34	12.75	0.48	0.57				7
F11	8	31	20	10	39	12.73	0.45	0.57				7
F11	8	31	20	10	44	12.74	0.43	0.57				7
F11	8	31	20	10	49	12.76	0.41	0.57				7
F11	8	31	20	10	54	12.72	0.39	0.57				7
F11	8	31	20	10	59	12.75	0.39	0.57				7
F11	8	31	20	11	4	12.73	0.33	0.57					
0	1	1	0	0	-1	65.53	65.53	63.99				M11	8	31	20	11	9	12.75	0.33	0.57				275	256	273	280	294	270	279	264	271	260	268	275	262	266	264	280									0.6	.
F11	8	31	20	11	14	12.73	0.36	0.57				1
F11	8	31	20	11	19	12.77	0.37	0.57				1
F11	8	31	20	11	24	12.74	0.34	0.57				1
F11	8	31	20	11	29	12.72	0.30	0.57				1
F11	8	31	20	11	34	12.74	0.32	0.57				1
F11	8	31	20	11	39	12.75	0.29	0.57				1
F11	8	31	20	11	44	12.73	0.31	0.57				1
F11	8	31	20	11	49	12.73	0.30	0.57				1
F11	8	31	20	11	54	12.73	0.28	0.57				1
F11	8	31	20	11	59	12.75	0.28	0.57				1
F11	8	31	20	12	4	12.75	0.24	0.57					
M11	8	31	20	12	9	12.75	0.28	0.57				275	256	274	280	294	270	279	264	271	261	267	274	262	266	264	280									0.5	2
F11	8	31	20	12	14	12.74	0.28	0.57				7
F11	8	31	20	12	19	12.75	0.29	0.57				7
F11	8	31	20	12	24	12.73	0.27	0.57				7
F11	8	31	20	12	29	12.74	0.26	0.57				7
F11	8	31	20	12	34	12.71	0.28	0.57				7
F11	8	31	20	12	39	12.74	0.25	0.57				7
F11	8	31	20	12	44	12.74	0.26	0.57				7
F11	8	31	20	12	49	12.73	0.27	0.57				7
F11	8	31	20	12	54	12.75	0.24	0.57				7
F11	8	31	20	12	59	12.72	0.25	0.57				7
F11	8	31	20	13	4	12.72	0.20	0.57					
M11	8	31	20	13	9	12.74	0.27	0.57				275	256	274	281	294	270	279	264	271	260	268	275	263	265	264	280									0.4	2
F11	8	31	20	13	14	12.73	0.21	0.57				7
F11	8	31	20	13	19	12.74	0.26	0.57				7
F11	8	31	20	13	24	12.71	0.23	0.57				7
F11	8	31	20	13	29	12.74	0.23	0.57				7
F11	8	31	20	13	34	12.76	0.22	0.57				7
F11	8	31	20	13	39	12.72	0.25	0.57				7
F11	8	31	20	13	44	12.75	0.21	0.57				7
F11	8	31	20	13	49	12.75	0.25	0.57				7
F11	8	31	20	13	54	12.74	0.23	0.57				7
F11	8	31	20	13	59	12.75	0.20	0.57				7
F11	8	31	20	14	4	12.73	0.20	0.57					
M11	8	31	20	14	9	12.74	0.18	0.57				275	256	273	280	294	270	279	264	271	261	268	274	263	266	265	280									0.3	2
F11	8	31	20	14	14	12.68	0.23	0.57				7
F11	8	31	20	14	19	12.73	0.21	0.57				7
F11	8	31	20	14	24	12.74	0.19	0.57				7
F11	8	31	20	14	29	12.72	0.22	0.57				7
F11	8	31	20	14	34	12.75	0.21	0.57				7
F11	8	31	20	14	39	12.71	0.20	0.57				7
F11	8	31	20	14	44	12.73	0.21	0.57				7
F11	8	31	20	14	49	12.71	0.19	0.57				7
F11	8	31	20	14	54	12.74	0.18	0.57				7
F11	8	31	20	14	59	12.76	0.20	0.57				7
F11	8	31	20	15	4	12.75	0.17	0.57					
S11	8	31	20	15	9	12.75	0.22	0.57				275	255	273	280	294	270	278	264	271	261	268	274	262	266	264	280	
								0.2									122.49	105.13	115.66	98.04	8
F11	8	31	20	15	19	12.75	0.21	0.57				2
F11	8	31	20	15	24	12.75	0.21	0.57				2
F11	8	31	20	15	29	12.74	0.18	0.57				2NI
F11	8	31	20	15	29	12.74	0.18	0.57				2NI
F11	8	31	20	15	34	12.73	0.17	0.57				2
F11	8	31	20	15	39	12.72	0.18	0.57				2
F11	8	31	20	15	44	12.74	0.20	0.57				2
F11	8	31	20	15	49	12.72	0.18	0.57				2
F11	8	31	20	15	54	12.74	0.16	0.57				2
F11	8	31	20	15	59	12.75	0.18	0.57				2
F11	8	31	20	16	4	12.72	0.12	0.57					
0	1	1	0	0	-1	65.53	65.53	63.99				M11	8	31	20	16	9	12.76	0.18	0.57				275	256	273	280	294	270	279	264	271	261	268	274	262	265	264	280									0.2	.
F11	8	31	20	16	59	12.72	0.15	0.57				1
F11	8	31	20	17	4	12.73	0.18	0.57					
M11	8	31	20	17	9	12.72	0.18	0.57				275	256	273	280	294	271	278	263	271	261	268	275	262	266	264	280									0.1	2
F11	8	31	20	17	14	12.74	0.20	0.57				7
F11	8	31	20	17	19	12.73	0.17	0.57				7
F11	8	31	20	17	24	12.77	0.18	0.57				7
F11	8	31	20	17	29	12.74	0.16	0.57				7
F11	8	31	20	17	34	12.72	0.16	0.57				7
F11	8	31	20	17	39	12.76	0.17	0.57				7
F11	8	31	20	17	44	12.73	0.19	0.57				7
F11	8	31	20	17	49	12.75	0.18	0.57				7
F11	8	31	20	17	54	12.71	0.18	0.57				7
F11	8	31	20	17	59	12.72	0.19	0.57				7
F11	8	31	20	18	4	12.74	0.16	0.57					
M11	8	31	20	18	9	12.74	0.16	0.57				274	256	273	280	294	270	278	264	271	261	268	275	263	265	265	280									0.1	2
F11	8	31	20	18	14	12.71	0.14	0.57				7
F11	8	31	20	18	19	12.74	0.15	0.57				7
F11	8	31	20	18	24	12.72	0.17	0.57				7
F11	8	31	20	18	29	12.75	0.15	0.57				7
F11	8	31	20	18	34	12.76	0.16	0.57				7
F11	8	31	20	18	39	12.71	0.13	0.57				7
F11	8	31	20	18	44	12.74	0.16	0.57				7
F11	8	31	20	18	49	12.73	0.17	0.57				7
F11	8	31	20	18	54	12.75	0.14	0.57				7
F11	8	31	20	18	59	12.76	0.12	0.57				7
F11	8	31	20	19	4	12.72	0.13	0.57					
M11	8	31	20	19	9	12.74	0.14	0.57				274	256	273	281	294	270	279	264	271	261	267	274	262	265	265	280									0.1	2
F11	8	31	20	19	14	12.73	0.13	0.57				7
F11	8	31	20	19	19	12.75	0.16	0.57				7
F11	8	31	20	19	24	12.74	0.16	0.58				7
F11	8	31	20	19	29	12.72	0.15	0.58				7
F11	8	31	20	19	34	12.73	0.18	0.58				7
F11	8	31	20	19	39	12.72	0.15	0.58				7
F11	8	31	20	19	44	12.75	0.14	0.58				7
F11	8	31	20	19	49	12.74	0.16	0.58				7
F11	8	31	20	19	54	12.73	0.13	0.58				7
F11	8	31	20	19	59	12.74	0.14	0.58				7
F11	8	31	20	20	4	12.71	0.15	0.58					
S11	8	31	20	20	9	12.72	0.13	0.58				275	256	273	281	294	270	279	264	271	261	267	274	263	265	264	280									0.1									122.49	127.13	115.66	101.04		
F11	8	31	20	20	19	12.76	0.12	0.58				7
F11	8	31	20	20	24	12.73	0.15	0.58				7
F11	8	31	20	20	29	12.75	0.15	0.58				7
F11	8	31	20	20	34	12.72	0.15	0.58				7
F11	8	31	20	20	39	12.71	0.16	0.58				7
F11	8	31	20	20	44	12.73	0.16	0.58				7
F11	8	31	20	20	49	12.73	0.13	0.58				7
F11	8	31	20	20	54	12.75	0.13	0.58				7
F11	8	31	20	20	59	12.73	0.15	0.58				7
F11	8	31	20	21	4	12.74	0.07	0.58					
0	1	1	0	0	-1	65.53	65.53	63.99				M11	8	31	20	21	9	12.75	0.15	0.58				275	256	274	281	294	271	279	264	271	260	268	274	262	266	265	281									0.0	0
F11	8	31	20	21	14	12.72	0.17	0.58				1
F11	8	31	20	21	19	12.75	0.13	0.58				1
F11	8	31	20	21	24	12.74	0.13	0.58				1
F11	8	31	20	21	29	12.73	0.14	0.58				1
F11	8	31	20	21	34	12.70	0.16	0.58				1
F11	8	31	20	21	39	12.73	0.17	0.58				1
F11	8	31	20	21	44	12.75	0.15	0.58				1
F11	8	31	20	21	49	12.72	0.14	0.58				1
F11	8	31	20	21	54	12.70	0.13	0.58				1
F11	8	31	20	21	59	12.74	0.15	0.58				1
F11	8	31	20	22	4	12.74	0.14	0.58					
M11	8	31	20	22	9	12.72	0.08	0.58				275	256	274	281	293	270	279	264	271	261	268	275	263	265	264	280									0.0	2
F11	8	31	20	22	14	12.74	0.13	0.58				7
F11	8	31	20	22	19	12.72	0.10	0.58				7
F11	8	31	20	22	24	12.73	0.16	0.58				7
F11	8	31	20	22	29	12.75	0.13	0.58				7
F11	8	31	20	22	34	12.72	0.11	0.58				7
F11	8	31	20	22	39	12.72	0.16	0.58				7
F11	8	31	20	22	44	12.74	0.15	0.58				7
F11	8	31	20	22	49	12.72	0.14	0.58				7
F11	8	31	20	22	54	12.72	0.13	0.58				7
F11	8	31	20	22	59	12.71	0.14	0.58				7
F11	8	31	20	23	4	12.71	0.13	0.58					
M11	8	31	20	23	9	12.74	0.08	0.58				275	255	273	281	294	270	278	264	271	261	267	274	262	265	264	280									0.0	2
F11	8	31	20	23	14	12.72	0.15	0.58				7
F11	8	31	20	23	19	12.73	0.16	0.58				7
F11	8	31	20	23	24	12.74	0.17	0.58				7
F11	8	31	20	23	29	12.73	0.14	0.58				7
F11	8	31	20	23	34	12.73	0.14	0.58				7
F11	8	31	20	23	39	12.73	0.13	0.58				7
F11	8	31	20	23	44	12.72	0.15	0.58				7
F11	8	31	20	23	49	12.74	0.12	0.58				7
F11	8	31	20	23	54	12.75	0.11	0.58				7
F11	8	31	20	23	59	12.72	0.13	0.58				7
F11	8	31	20	24	4	12.74	0.14	0.58					
M11	8	31	20	24	9	12.69	0.12	0.58				275	256	274	281	294	270	278	264	271	261	268	275	263	265	264	280									0.0	2
F11	8	31	20	24	14	12.76	0.14	0.58				7
F11	8	31	20	24	19	12.73	0.15	0.58				7
F11	8	31	20	24	24	12.73	0.12	0.58				7
F11	8	31	20	24	29	12.72	0.13	0.58				7
F11	8	31	20	24	34	12.74	0.14	0.58				7
F11	8	31	20	24	39	12.72	0.17	0.58				7
F11	8	31	20	24	44	12.73	0.15	0.58				7
F11	8	31	20	24	49	12.70	0.16	0.58				7
F11	8	31	20	24	54	12.74	0.14	0.58				7
F11	8	31	20	24	59	12.74	0.15	0.58				7
F11	8	31	20	25	4	12.70	0.08	0.58					
S11	8	31	20	25	9	12.76	0.11	0.58				275	256	273	281	294	270	278	264	NI275	256	273	281	294	270	278	264	NI271	261	268	275	263	266	264	280									0.0									122.49	21.13	115.66	100.04	
F11	8	31	20	25	19	12.73	0.11	0.58				7
F11	8	31	20	25	24	12.74	0.13	0.58				7
F11	8	31	20	25	29	12.74	0.13	0.58				7
F11	8	31	20	25	34	12.74	0.13	0.58				7
F11	8	31	20	25	39	12.74	0.15	0.58				7
F11	8	31	20	25	44	12.73	0.14	0.58				7
F11	8	31	20	25	49	12.73	0.12	0.58				7
F11	8	31	20	25	54	12.74	0.14	0.58				7
F11	8	31	20	25	59	12.72	0.13	0.58				7
F11	8	31	20	26	4	12.74	0.14	0.58					
0	1	1	0	0	-1	65.53	65.53	63.99				M11	8	31	20	26	9	12.75	0.13	0.58				275	256	273	281	294	270	279	264	271	261	268	274	263	265	264	280									0.0	
F11	8	31	20	26	59	12.70	0.13	0.58				1
F11	8	31	20	27	4	12.70	0.13	0.58					
M11	8	31	20	27	9	12.72	0.12	0.58				
275	256	273	281	294	270	279	264	271	261	268	274	263	265	265	281									0.0	7
F11	8	31	20	27	14	12.73	0.13	0.58				2
F11	8	31	20	27	19	12.71	0.13	0.58				2
F11	8	31	20	27	24	12.73	0.10	0.58				2
F11	8	31	20	27	29	12.73	0.12	0.58				2
F11	8	31	20	27	34	12.73	0.13	0.58				2
F11	8	31	20	27	39	12.74	0.13	0.58				2
F11	8	31	20	27	44	12.70	0.16	0.58				2
F11	8	31	20	27	49	12.71	0.12	0.58				2
F11	8	31	20	27	54	12.74	0.16	0.58				2
F11	8	31	20	27	59	12.71	0.10	0.58				2
F11	8	31	20	28	4	12.73	0.12	0.58					
M11	8	31	20	28	9	12.73	0.11	0.58				274	255	274	280	294	271	279	264	271	261	268	275	263	265	264	281									0.0	2
F11	8	31	20	28	14	12.74	0.11	0.58				7
F11	8	31	20	28	19	12.73	0.12	0.58				7
F11	8	31	20	28	24	12.69	0.14	0.58				7
F11	8	31	20	28	29	12.73	0.11	0.58				7
F11	8	31	20	28	34	12.74	0.12	0.58				7
F11	8	31	20	28	39	12.74	0.14	0.58				7
F11	8	31	20	28	44	12.72	0.16	0.58				7
F11	8	31	20	28	49	12.69	0.14	0.58				7
F11	8	31	20	28	54	12.72	0.12	0.58				7
F11	8	31	20	28	59	12.73	0.11	0.58				7
F11	8	31	20	29	4	12.72	0.11	0.58					
M11	8	31	20	29	9	12.73	0.14	0.58				
275	256	273	280	294	270	279	263	270	261	268	274	263	265	264	280									0.0		
F11	8	31	20	29	14	12.71	0.16	0.58				2
F11	8	31	20	29	19	12.74	0.10	0.58				2
F11	8	31	20	29	24	12.71	0.13	0.58				2
F11	8	31	20	29	29	12.71	0.09	0.58				2
F11	8	31	20	29	34	12.72	0.16	0.58				2
F11	8	31	20	29	39	12.72	0.15	0.58				2
F11	8	31	20	29	44	12.73	0.11	0.58				2
F11	8	31	20	29	49	12.73	0.14	0.58				2
F11	8	31	20	29	54	12.73	0.12	0.58				2
F11	8	31	20	29	59	12.73	0.14	0.58				2
F11	8	31	20	30	4	12.71	0.11	0.58					
S11	8	31	20	30	9	12.72	0.14	0.58				NIS11	8	31	20	30	9	12.72	0.14	0.58				NI275	256	273	281	294	270	278	264	NI270	261	267	275	263	265	264	280									0.0									122.49	43.13	115.66	93.04	
F11	8	31	20	30	19	12.75	0.14	0.58				I
F11	8	31	20	30	24	12.71	0.13	0.58				I
F11	8	31	20	30	29	12.76	0.11	0.58				I
F11	8	31	20	30	34	12.73	0.09	0.58				I
F11	8	31	20	30	39	12.72	0.13	0.58				I
F11	8	31	20	30	44	12.72	0.09	0.58				I
F11	8	31	20	30	49	12.72	0.13	0.58				I
F11	8	31	20	30	54	12.70	0.13	0.58				I
F11	8	31	20	30	59	12.71	0.13	0.58				I
0	1	1	0	0	-1	65.53	65.53	63.99				F11	8	31	20	31	4	12.72	0.13	0.58					
M11	8	31	20	31	59	12.71	0.11	0.58				275	256	273	281	294	270	279	264	271	261	268	274	263	266	265	280									0.0	7
F11	8	31	20	32	4	12.71	0.09	0.58					
F11	8	31	20	32	9	12.74	0.11	0.58					
F11	8	31	20	32	14	12.73	0.14	0.59				2
F11	8	31	20	32	19	12.71	0.11	0.59				2
F11	8	31	20	32	24	12.71	0.13	0.59				2
F11	8	31	20	32	29	12.74	0.14	0.59				2
F11	8	31	20	32	34	12.71	0.10	0.59				2
F11	8	31	20	32	39	12.73	0.15	0.59				2
F11	8	31	20	32	44	12.72	0.16	0.59				2
F11	8	31	20	32	49	12.70	0.13	0.59				2
F11	8	31	20	32	54	12.74	0.10	0.59				2
M11	8	31	20	32	59	12.74	0.12	0.59				275	256	273	280	294	270	279	264	271	261	268	275	263	266	264	280									0.0	7
F11	8	31	20	33	4	12.73	0.11	0.59					NI
F11	8	31	20	33	4	12.73	0.11	0.59					NI
F11	8	31	20	33	9	12.72	0.12	0.59					
F11	8	31	20	33	14	12.74	0.13	0.59				N
F11	8	31	20	33	19	12.72	0.16	0.59				N
F11	8	31	20	33	24	12.72	0.15	0.59				N
F11	8	31	20	33	29	12.74	0.14	0.59				N
F11	8	31	20	33	34	12.72	0.12	0.59				N
F11	8	31	20	33	39	12.73	0.14	0.59				N
F11	8	31	20	33	44	12.73	0.11	0.59				N
F11	8	31	20	33	49	12.72	0.11	0.59				N
F11	8	31	20	33	54	12.72	0.13	0.59				N
M11	8	31	20	33	59	12.72	0.13	0.59				274	256	274	281	294	270	278	264	271	261	268	274	263	266	265	280									0.0	7
F11	8	31	20	34	4	12.73	0.15	0.59					
M11	8	31	20	34	59	12.72	0.11	0.59				275	256	273	280	294	270	279	264	271	261	268	275	262	266	264	281									0.0	7
F11	8	31	20	35	4	12.73	0.10	0.59					
S11	8	31	20	35	9	12.71	0.15	0.59				275	256	273	280	294	270	279	264	271	261	268	275	262	266	264	281									0.0									122.49	65.13	115.66	94.54	.
F11	8	31	20	35	19	12.70	0.14	0.59				7
F11	8	31	20	35	24	12.73	0.13	0.59				7
F11	8	31	20	35	29	12.71	0.13	0.59				7
F11	8	31	20	35	34	12.72	0.13	0.59				7
F11	8	31	20	35	39	12.70	0.15	0.59				7
F11	8	31	20	35	44	12.71	0.12	0.59				7
F11	8	31	20	35	49	12.72	0.13	0.59				7
F11	8	31	20	35	54	12.71	0.12	0.59				7
M11	8	31	20	35	59	12.73	0.10	0.59				275	256	273	280	294	270	279	264	271	261	268	274	262	265	265	280									0.0		
0	1	1	0	0	-1	65.53	65.53	63.99				F11	8	31	20	36	4	12.72	0.11	0.59				6
F11	8	31	20	36	9	12.72	0.14	0.59				1
F11	8	31	20	36	14	12.74	0.13	0.59				1
F11	8	31	20	36	19	12.71	0.09	0.59				1
F11	8	31	20	36	24	12.71	0.13	0.59				1
F11	8	31	20	36	29	12.72	0.14	0.59				1
F11	8	31	20	36	34	12.73	0.11	0.59				1
F11	8	31	20	36	39	12.74	0.13	0.59				1
F11	8	31	20	36	44	12.73	0.11	0.59				1
F11	8	31	20	36	49	12.71	0.13	0.59				1
F11	8	31	20	36	54	12.71	0.15	0.59				1
M11	8	31	20	36	59	12.71	0.11	0.59				275	256	273	281	295	270	278	264	271	261	268	275	262	266	265	281									0.0		
F11	8	31	20	37	4	12.72	0.13	0.59					
F11	8	31	20	37	9	12.71	0.14	0.59					
F11	8	31	20	37	14	12.71	0.10	0.59				2
F11	8	31	20	37	19	12.75	0.12	0.59				2
F11	8	31	20	37	24	12.74	0.14	0.59				2
F11	8	31	20	37	29	12.73	0.13	0.59				2
F11	8	31	20	37	34	12.70	0.15	0.59				2
F11	8	31	20	37	39	12.75	0.12	0.59				2
F11	8	31	20	37	44	12.71	0.16	0.59				2
F11	8	31	20	37	49	12.70	0.13	0.59				2
F11	8	31	20	37	54	12.71	0.12	0.59				2
M11	8	31	20	37	59	12.72	0.09	0.59				275	256	274	280	294	270	279	264	271	261	268	274	263	266	264	281									0.0		
F11	8	31	20	38	4	12.71	0.12	0.59					
F11	8	31	20	38	9	12.72	0.15	0.59					
F11	8	31	20	38	14	12.72	0.12	0.59				2
F11	8	31	20	38	19	12.71	0.13	0.59				2
F11	8	31	20	38	24	12.73	0.10	0.59				2
F11	8	31	20	38	29	12.71	0.11	0.59				2
F11	8	31	20	38	34	12.71	0.12	0.59				2
F11	8	31	20	38	39	12.73	0.13	0.59				2
F11	8	31	20	38	44	12.72	0.12	0.59				2
F11	8	31	20	38	49	12.72	0.14	0.59				2
F11	8	31	20	38	54	12.71	0.16	0.59				2
M11	8	31	20	38	59	12.74	0.13	0.59				275	256	273	280	294	270	279	264	271	261	268	274	262	266	264	280	
								0.0	4
F11	8	31	20	39	4	12.72	0.12	0.59					
F11	8	31	20	39	9	12.74	0.10	0.59					
F11	8	31	20	39	14	12.72	0.10	0.59				2
F11	8	31	20	39	19	12.72	0.10	0.59				2
F11	8	31	20	39	24	12.70	0.10	0.59				2
F11	8	31	20	39	29	12.74	0.12	0.59				2
F11	8	31	20	39	34	12.70	0.14	0.59				2
F11	8	31	20	39	39	12.73	0.10	0.59				2
F11	8	31	20	39	44	12.73	0.16	0.59				2
F11	8	31	20	39	49	12.72	0.12	0.59				2
F11	8	31	20	39	54	12.70	0.12	0.59				2
M11	8	31	20	39	59	12.72	0.10	0.59				275	256	273	280	294	270	279	264	271	261	268	275	263	265	265	280									0.0		
F11	8	31	20	40	4	12.76	0.09	0.59					
S11	8	31	20	40	9	12.69	0.12	0.59				275	256	273	280	294	270	279	264	271	261	268	275	263	265	265	280									0.0									122.49	87.13	115.67	74.04	.
F11	8	31	20	40	19	12.70	0.17	0.59				7
F11	8	31	20	40	24	12.72	0.13	0.59				7
F11	8	31	20	40	29	12.71	0.14	0.59				7
F11	8	31	20	40	34	12.71	0.13	0.59				7
F11	8	31	20	40	39	12.72	0.08	0.59				7
F11	8	31	20	40	44	12.74	0.12	0.59				7
F11	8	31	20	40	49	12.73	0.10	0.59				7
F11	8	31	20	40	54	12.74	0.14	0.59				7
M11	8	31	20	40	59	12.71	0.06	0.59				275	256	274	280	294	270	279	264	271	261	268	274	262	266	264	281									0.0		
0	1	1	0	0	-1	65.53	65.53	63.99				F11	8	31	20	41	4	12.71	0.13	0.59				6
F11	8	31	20	41	9	12.72	0.16	0.59				1
F11	8	31	20	41	14	12.72	0.10	0.59				1
F11	8	31	20	41	19	12.72	0.08	0.59				1
F11	8	31	20	41	24	12.71	0.14	0.59				1
F11	8	31	20	41	29	12.70	0.11	0.59				1
F11	8	31	20	41	34	12.70	0.10	0.59				1
F11	8	31	20	41	39	12.73	0.13	0.59				1
F11	8	31	20	41	44	12.72	0.14	0.59				1
F11	8	31	20	41	49	12.69	0.14	0.59				1
F11	8	31	20	41	54	12.71	0.13	0.59				1
M11	8	31	20	41	59	12.73	0.12	0.59				275	256	273	280	294	270	279	264	271	261	268	275	263	265	265	280									0.0		
F11	8	31	20	42	4	12.72	0.12	0.59					
F11	8	31	20	42	9	12.71	0.12	0.59					
F11	8	31	20	42	14	12.72	0.11	0.59				2
F11	8	31	20	42	19	12.71	0.10	0.59				2
F11	8	31	20	42	24	12.70	0.13	0.59				2
F11	8	31	20	42	29	12.71	0.12	0.59				2
F11	8	31	20	42	34	12.71	0.14	0.59				2
F11	8	31	20	42	39	12.73	0.13	0.59				2
F11	8	31	20	42	44	12.75	0.13	0.59				2
F11	8	31	20	42	49	12.71	0.14	0.59				2
F11	8	31	20	42	54	12.70	0.13	0.59				2
M11	8	31	20	42	59	12.72	0.10	0.59				275	256	273	280	294	270	279	264	271	261	268	274	263	265	265	280									0.0		
